0,1,2,3,4,5,6,7,8,9,10,11,12,13,14,15,16,17,18,19,20,21,22,23,24,25,26,27,28,29,30,31,32,33,34,35,36,37,38,39,40,41,42,43,44,45,46,47,48,49,50,51,52,53,54,55,56,57,58,59,60,61,62,63,64,65,66,67,68,69,70,71,72,73,74,75,76,77,78,79,80,81,82,83,84,85,86,87,88,89,90,91,92,93,94,95,96,97,98,990,2.70743403861206,0.111192770914982,0.898084479516598,1.5507584006142,1.31887186179156,0.801525020558984,0.966752519158632,0.395019486188772,0.08643278545415,2.17046400686377,2.49450292403381,0.535734094277018,0.309607274239625,0.579459066775286,1.35638538703518,2.51185273726151,0.775379031468589,1.92456282514343,1.97005624806766,0.172446096445583,0.14017296768327,0.786947207986032,0.182283582313545,0.551343159227287,0.129095250276464,0.900712487803872,0.129879067428192,0.168107954319225,1.29711800092414,2.71823516491224,1.39451550352533,0.973587383963064,2.90680208913784,0.404685523440662,0.157706318247079,0.660747713214391,0.133467976273693,2.75682072857549,0.138234508150987,0.201029402716955,0.799596080100997,0.641540392321446,2.09134493150668,0.690764230839392,2.17748850942598,1.9253192488392,0.180810979435506,0.381123917631726,2.05873308254778,0.682607534559708,1.47109502470778,3.04161040740829,0.285503233317286,0.633640539492717,7.02785125992023E-02,2.12900685919467,2.45108409159911,1.24954180634236,0.304210884553413,0.256933495978643,0.22308847587297,1.15126544732493,0.956943287250994,1.66725020173965,0.165997378888193,2.01846451070742,0.153098693238121,1.39931911611271,7.34270414262994E-02,4.98975030310476E-02,1.03209643586024,1.22837800906896,2.39578337953446,2.47544711571769,1.79279881318735E-02,1.07440003615253,0.804584488538808,1.62556399203632,1.63103217969183,1.33904413347719,0.417496965334067,0.152759658177871,1.75313260404073,0.460233327025549,1.70834015883716,0.782703668892282,0.068703776161442,1.29574849462429,0.027172387419796,0.189949478156137,7.12853997028162E-02,2.87003663361534,1.98624924850938,0.947154891613536,0.649479914666614,0.485290539054091,1.91555038202932,0.855423245868678,2.876284986632672.70743403861206,0,1.73383383020465,0.592719112954825,0.484156587236271,1.73599552876036,0.573620685207516,1.06707211629364,1.19720357226825,3.49353061601747,0.436111630961477,2.86296953496787E-02,2.21995428489447,1.99602097886418,0.855202335876044,1.60942069741179,7.25281997301863E-03,0.971338343848089,0.142377520939249,0.819110234010537,2.8183790745461,1.91548358069724,1.47297030437949,1.53371312002369,1.16436102068511,2.18020435895653,1.64143861128846,3.20425571986789,1.60843710875781,1.3473167171459,7.69127116724349E-02,0.364389754117383,0.442589384627041,4.21029266823325E-02,3.22839606828586,3.12263605591139,1.45387760680717,2.04099905169315,4.48448156093093E-02,2.18701810073495,1.82136461080691,1.43310565977882,1.39584350651981,0.678319305911373,0.727241590101954,0.219809351949152,0.546486327003464,2.13392824440021,2.35476858023924,0.563768727247549,2.33481369843699,0.290560002027291,1.05582510156239E-02,1.31789573963988,0.87519251788035,3.28590980177307,0.501859369465961,1.25644371532871E-02,0.278693105186363,1.26367481371017,2.57014058580071,2.43829583247035,0.355910010672233,2.56597650431277,0.696451781486417,1.94130434153217,0.20442002610298,2.30448724498331,0.278042301064858,2.88795292249611,2.06679330102418,0.911351415934405,2.34287739762377,9.68527603129132E-03,0.390130701798086,2.7800677621741,0.372470193809846,1.22843247500498,0.707084323596661,1.25506563612225,0.272490952447839,1.83278557972017,2.37707643382728,0.994291619119849,1.45162473382754,0.309072982670301,0.755332784834991,2.81945842494281,0.258812936408873,2.55455480163255,2.09971127780582,2.6579533404462,5.77874007853154E-02,0.174480352359893,1.31402096542524,0.761162734842543,0.984374013670646,0.541275820089595,0.5204104647637,0.1369732802626520.111192770914982,1.73383383020465,0,0.381071446091141,0.954711777166182,0.879312733819916,0.332404781739712,0.497049414356297,0.149135283900819,0.317361679392434,1.45122369219794,1.58463616621668,0.375266182693082,0.262729943378787,0.221900234226837,0.88586664046457,1.57297395033734,0.42763311136116,1.16164499906054,1.38591966434069,0.229575119229054,8.92638678352853E-02,0.42877669215423,0.033068271660909,0.281435503358466,7.87300730554819E-02,0.543717729992295,0.280099861856939,1.12759660181894E-02,0.795151010343602,1.73004696873218,0.789485141535494,0.428753656793219,1.9217750151337,0.475260460217356,0.359660957742108,0.331305436082772,5.69678095416748E-02,1.76100261478916,0.149004081044495,0.124941827723887,0.559139817166965,0.415571840955181,1.44987259086716,0.248862252017716,1.39532230509386,1.28019803713198,0.104848991870767,0.287386048029617,1.26220329321086,0.659018139606474,0.830995780594463,2.00617595283848,0.044768339089984,0.277860190884354,0.304963465962061,1.30865874345409,1.53907756489767,0.625353800598532,5.02703486162375E-02,0.239589043011279,0.190590207357673,0.547105147800181,0.755561095510188,0.976507587371685,0.119920112453201,1.18746194518795,0.117384297503946,0.765000723280195,0.233142981475339,3.04576758220776E-02,0.522188380831636,0.920124495353434,1.48779362882388,1.6863810601659,0.126711608405827,0.505882819543899,0.515485212502114,1.07490881719286,1.03718490493853,0.678625019720585,0.218191748763417,0.130718500935473,1.08917638234075,0.183975486023797,0.957705144339002,0.376551961343608,0.162233889028727,0.653416701919923,0.11794072989224,0.177786364453482,0.131673775655599,1.8514627274559,1.16019894471765,0.656291832459971,0.224021317748907,0.172888918459648,1.27082589254556,0.359756886664769,1.859070937041570.898084479516598,0.592719112954825,0.381071446091141,0,0.58662472911206,0.495362973118631,0.10407208896882,0.129124906194761,0.352800802364072,1.27438637615398,0.886283473409691,0.588835096814819,0.540076338024306,0.865756740417424,0.21411646172055,0.450888189915446,0.481218469760876,0.491169418639856,0.447864798124698,1.09916820560431,0.833193414495241,0.639507018605769,0.246955112744587,0.380629656478504,0.4713804492294,0.515673842188704,0.343552215664772,1.06433208461127,0.292193526295847,0.32346826849971,0.504872932587119,0.371404839549228,3.45403434207583E-02,0.802289036717099,1.05647253257794,1.38968895730216,0.21572891417614,0.452952500793458,0.535895241402613,0.823264245108135,0.64269272216336,0.854367773566992,0.716264887483362,1.05112625647158,1.51287128488775E-02,0.680560770675953,0.853038155852119,0.483839657425619,0.58906694079397,0.298299585961672,1.36638815580091,0.340276890414458,0.761424976612602,0.172014844350684,0.291258567903157,1.35662406548946,0.30798408215162,0.523558740221375,0.108407929909504,0.156980072421362,0.694519522134215,0.627942884824392,3.41536928262087E-02,0.793659489754646,0.20224449398475,0.688844373068264,0.223800977837215,0.569007271090101,0.271834895853317,1.16281203629808,0.60127286999446,0.091333810380462,0.75199208772392,0.465868713131982,0.998352268647068,0.881399203817779,9.16334164576256E-02,0.710390695625307,0.820323790671523,0.388618419315804,6.16573792209465E-02,0.345388012724612,0.604686105317001,0.329778711843261,0.19104843721621,0.131185426589582,0.307742829944033,0.862716195544778,9.39806963402816E-02,0.901211669165974,0.821560900287295,0.77269076207142,0.58034009439325,0.214730955794607,0.868221532578133,2.23887575507433E-02,0.246228186670692,0.843292364878522,7.36157666432575E-02,0.5626862354929471.5507584006142,0.484156587236271,0.954711777166182,0.58662472911206,0,2.16006121425576,0.231747517723875,1.26567863400297,0.380428632745549,2.32193817758039,5.22299869177232E-02,0.291606763645092,2.01651878916027,0.700390630668721,0.257853070613834,2.06475316705701,0.486991925322059,0.14931541895649,0.101891717553372,8.26185801282975E-02,2.08301884200102,0.803608189397437,1.55009281533387,0.679428978608399,0.271076450855759,1.51250909283272,1.79636025122923,2.26904111844453,0.972494719326278,1.77548742098921,0.809526670151627,2.63357380396201E-02,0.337192242676707,0.380219335318543,2.65302497900348,1.51001372279475,1.42840444606009,1.39145160779108,0.735928692948306,0.925787369952246,0.699837300923178,0.28910588350314,0.308924738266029,6.78544265352912E-02,0.553626146573976,7.90302066430968E-02,0.026939538541825,1.55347410013533,1.9792426604713,1.31556658783316,0.758789773192262,0.045704159356319,0.563856981775331,0.826583093573049,0.204970446097491,1.76607984005977,1.26802554538986,0.340757109682841,0.222041147951046,0.780911765222868,2.01100724229005,1.86565077295327,0.39203252685968,2.63470615020438,1.28191119393023,0.782811965548404,0.768808208026371,1.658871190426,7.39847253190931E-02,1.43770235296248,1.04501954657644,1.1375656467186,2.63669085445659,0.384552976494888,0.107920887510005,1.73577804825072,0.216997722448156,0.212021290185021,2.64243243260864E-02,1.87511669370963,0.409392903097938,1.56576303856821,1.718399460592,1.66674693249718,1.23617644573096,0.774082966002567,0.132802921396092,1.90376143495996,0.269496084822009,1.30150366238706,0.833161470479041,1.79457596640592,0.804988298930908,0.694803950361489,0.221769571955178,0.551474620507548,0.315352451411769,2.53300594528127E-02,0.260080137188766,0.9899113819894011.31887186179156,1.73599552876036,0.879312733819916,0.495362973118631,2.16006121425576,0,1.01939939490867,0.118941541268669,1.35494057161088,1.33025588136843,2.68944808743655,1.90377087434683,0.211202859980773,2.0405153095941,1.20396418317762,2.84772083060147E-03,1.51883259449588,1.83453139201413,1.80424698881339,3.06674360128318,0.707370040259917,1.51210900720562,8.14684837665993E-02,1.13185063872663,1.68315481111188,0.624331065044686,4.07350124805816E-02,0.977825374179616,0.693602291447547,2.46017586119933E-02,1.26939819437749,1.7234432655745,0.791033264180101,2.23342466922091,0.612269816306622,2.29682191147003,0.132590898026734,0.615707817882594,1.39656678117137,1.75098370502565,1.61397488613738,2.40029122869657,2.11699178556592,2.98944956237293,0.552970726609146,2.27181445609827,2.6472552973479,0.526282207452823,0.337847372527364,0.40482229590998,2.94632289814274,1.64677162337071,1.98772952061881,0.598898093400209,1.40034864340774,1.9977857823491,0.467534473318665,1.73356950721146,1.04006897211957,0.612262600406808,0.509199300112982,0.515230931140195,0.741303161285174,0.131216535700901,0.249168284287322,1.62567787175976,0.764332170507629,0.591995840987835,1.48946971643511,1.92909002435772,1.21663349164433,0.164904777507815,5.18825001178129E-02,1.58268905348464,2.85479104864373,1.11720037536693,1.01129341038506,2.19603116023509,2.58289935788525,6.01666871647524E-02,0.779364391208219,0.252289876186211,0.605491348868327,0.140063273123275,0.260431129247223,0.580125186943974,1.4992814164124,0.927613091798463,0.96927621129953,1.55398353666592,1.83320125850116,0.855902383607827,1.41893710890201,0.814721210721473,2.4897490666398,0.56849872846999,1.21178063833077,2.63003659490042,0.935602238505595,1.215413172131430.801525020558984,0.573620685207516,0.332404781739712,0.10407208896882,0.231747517723875,1.01939939490867,0,0.444590126599138,0.126094619679094,1.29847936818933,0.473294254605207,0.46818062074172,0.884536753752968,0.486581591633239,3.46515918410262E-02,0.965037070811036,0.497035764443353,0.147876590175571,0.2535972290367,0.561274721324168,1.00446038390737,0.39873400673298,0.591164194617249,0.231534217810719,0.158659938889883,0.620817234803894,0.749542723932706,1.18304806084052,0.304429230111623,0.781766247964839,0.662818363790961,0.120188478331329,3.06841439959555E-02,0.657034656460041,1.36696974237987,1.03891317058688,0.511908282751961,0.543338201250805,0.653126971924536,0.534503408914503,0.366606347722751,0.37926481281616,0.301539733930355,0.547881215206871,7.19266658099116E-02,0.387062973567026,0.416444692246074,0.628534467521973,0.873444026060156,0.682846621635605,0.794950355354018,0.122781145223257,0.727782995383137,0.204017818085049,5.71050797939279E-02,1.11413794421117,0.677393917077012,0.451240959846473,5.48001638263997E-02,0.181044002964427,0.920532944310395,0.82671453433673,7.47915883353016E-02,1.30451720635861,0.574318700915342,0.417167049337337,0.42457616333013,0.707497397022621,9.24416200774942E-02,0.891614876753835,0.465304859945377,0.383855333557676,1.31979515656545,0.434273699212667,0.587282164235745,0.869550176827602,2.26890026052899E-02,0.280751545773114,0.36281546560113,0.894606306474088,0.118505354846008,0.597518441361899,0.748124534583582,0.799071188675953,0.39827931891125,0.343468096839075,5.50309378886595E-02,0.933990479862246,7.26808613127616E-02,0.707168846880904,0.503335634527645,0.848034291494884,0.716064582456653,0.386719136939888,0.377674388677406,6.93047954986525E-02,6.09200096706957E-02,0.409936603007736,3.61660497082994E-03,0.7821151764643730.966752519158632,1.06707211629364,0.497049414356297,0.129124906194761,1.26567863400297,0.118941541268669,0.444590126599138,0,0.729337668634457,1.15356157720316,1.68635065807635,1.14800505535061,0.238096491480206,1.32272824924158,0.588435299032994,9.95956523680945E-02,0.900701793888999,1.04453101500042,1.02277788919301,1.97780496012456,0.626421867672804,0.943289876331761,3.50046564762181E-02,0.62635449904667,0.955164184111368,0.431762178334935,0.06186902960917,0.874161497017809,0.360675207616083,4.90082237780598E-02,0.787548221637422,0.938430433159425,0.297180871582555,1.42313172139066,0.687650744457784,1.70189317806444,4.45333870733577E-02,0.397434440092184,0.867636005611189,1.15279713362042,0.997458582141917,1.50666024354507,1.29435375324692,1.91698242219641,0.163106592117401,1.37535568559625,1.64589688293984,0.367247751810737,0.324091745258698,0.240163075397959,2.02813398495221,0.885452982326939,1.28013755371876,0.256444026778496,0.726024664644143,1.5326791582967,0.277614589255336,1.02955998918438,0.462796455867647,0.256296223934356,0.460236117364389,0.431051072207993,0.273889636269274,0.323877652254509,0.110055809771126,1.02504852708307,0.387149272994662,0.441094438728129,0.771709642894734,1.40505773506311,0.773382091569516,6.15844992435655E-03,0.266942620619943,0.924434532673246,1.82796759927407,0.856280003522812,0.437927953879466,1.33384259540767,1.59372521445994,0.10245216995159,0.308775949683422,0.164453767593983,0.46502384867199,0.116539808839349,9.53373895589777E-02,0.245161464099169,0.786161756312282,0.751418174542238,0.420418800436892,1.08833880962621,1.19450614246182,0.671879759628155,0.901697917206207,0.40807436395562,1.56069480063084,0.173970449796457,0.606592591248045,1.63234457366312,0.388020750851325,0.7896726208997510.395019486188772,1.19720357226825,0.149135283900819,0.352800802364072,0.380428632745549,1.35494057161088,0.126094619679094,0.729337668634457,0,0.826969591968577,0.713740000396371,0.994684789346593,0.894893103147666,0.119408849753569,2.93989656856866E-02,1.32541703006964,1.1017416204119,7.18265362215789E-02,0.616774231403411,0.629991785442712,0.748775668617697,8.74421852498983E-02,0.783838075857062,4.54970147352469E-02,2.23137329976453E-02,0.439392461500944,0.96441595179715,0.821665898251155,0.1862220776367,1.15011316291202,1.36658525474914,0.316226208180211,0.26440590316497,1.24361502400885,1.15135208665961,0.452856306888521,0.659974343160826,0.380465257358651,1.34858951030765,0.148217511292955,6.52368013940077E-02,0.15454632455112,0.086209191556577,0.682557978114488,0.233536758384275,0.730601813621803,0.579607754923927,0.485632973450834,0.799587051868372,1.29517956267557,0.333830861282422,0.363884143339561,1.40293668705874,0.170674392559391,2.96004826704177E-02,0.538694321095505,1.30599816638062,0.997936531266674,0.342988569224531,0.15689282781878,0.754194746645226,0.664091280091839,0.380020519044507,1.41533529991284,1.08434530618698,8.97698784489194E-02,0.999455853456908,0.525122645951029,0.342570909715505,0.374521541730815,0.164476491842066,0.697051352882596,1.55068068035325,0.992610740603283,0.892876592837638,0.497193119285981,0.253732133569429,0.118048404262396,0.430936120492902,1.3657008329707,0.481751286138774,0.608911105971998,0.554998950931463,1.32102266666848,0.463751348105376,0.848532813173733,6.70076835932889E-02,0.607034717682069,0.389786016849598,0.282768602497896,0.127104257815517,0.553190695473518,1.43949252341736,0.946180333712277,0.193643626691625,0.21201894574051,1.18004128713665E-02,0.573953850387312,0.167045661878461,1.535834949458150.08643278545415,3.49353061601747,0.317361679392434,1.27438637615398,2.32193817758039,1.33025588136843,1.29847936818933,1.15356157720316,0.826969591968577,0,3.0706281498623,3.31129864336856,0.485286215410184,0.715545525895465,1.05437001023586,1.39669300006463,3.24787413050845,1.36471177956321,2.69330325129036,2.86839806000216,9.83544171810138E-02,0.446475982893304,0.874648418708745,0.489325701290568,1.06372754168444,0.178962706676344,0.941861057590359,2.97246075446367E-02,0.361043873355044,1.40071341695568,3.38345939354841,2.09523205411179,1.44919465293481,3.79425648791099,0.218149152256871,0.368979937318727,0.763954260188399,0.212497257440646,3.4575066534768,0.437018011347391,0.55104257956782,1.41162792136276,1.1987690902115,3.00404977766121,1.04964479030468,3.03311375638546,2.79123322274302,0.219263738232257,0.328584920489362,2.42247590759689,1.21461237152801,2.17132289030647,3.88162235394702,0.522356989411406,1.14779228729336,0.178553172879134,2.52057579098073,3.23359297476273,1.81735232352958,0.556156628229616,0.194287035320144,0.191181863445763,1.63533700532903,0.811875217007241,1.96640413577316,0.49180473620072,2.54229604414823,0.168058289380184,2.06730852045405,0.255270048519378,0.256660988711843,1.26394526239633,1.11573570490202,3.14534521867668,3.42291726283804,4.33371691543982E-02,1.61471431071425,1.41690748977581,2.44103832254768,1.76344325990058,1.8503757398521,0.462495940288505,0.154514783715513,1.96163075742598,0.592168014393479,2.16757057890356,1.34574351839856,4.32273721654894E-02,1.8523051721445,0.200017605177123,0.526546434865509,6.59241765970364E-02,3.57291345782835,2.52793380132971,1.60579433953208,1.00420061034458,0.933014733402615,2.77879088281307,1.34568066981015,3.516252726496192.17046400686377,0.436111630961477,1.45122369219794,0.886283473409691,5.22299869177232E-02,2.68944808743655,0.473294254605207,1.68635065807635,0.713740000396371,3.0706281498623,0,0.24128901892837,2.64939575596657,1.09704693345566,0.53922314723755,2.5699063496528,0.476319665474875,0.36693078866611,0.115022906774016,6.42389792966753E-02,2.7823848121684,1.25687582863577,2.05512512830546,1.10840511696043,0.552064273920365,2.11413084262097,2.32858583218459,3.00607007412509,1.46557628849007,2.23642547317618,0.827805721745449,0.117113262160274,0.572697980730851,0.270814717127564,3.42064905591144,2.07959306672311,1.93144844877463,1.96987316840628,0.731858365412933,1.39837414123932,1.12172787911382,0.519646038025854,0.574658564706084,2.72543390838109E-02,0.881588140849686,3.72685503230059E-02,1.24992176621674E-02,2.15547990294081,2.62952734217799,1.55463058985916,1.08823170552014,0.12825101274359,0.469637902511664,1.27391193332733,0.464090718424359,2.40313894982467,1.48522379613624,0.309738027275671,0.384988953071712,1.21631156848753,2.68567898827283,2.51887594925134,0.608244026573175,3.31234231008116,1.58398849000207,1.22597886890972,0.906971062067896,2.28422654465305,0.176569029373383,2.01403921487818,1.56346124661616,1.5224443378961,3.26964111545536,0.373552674473672,1.13970776166354E-02,2.39017101684442,0.409352948640532,0.430584832786394,6.40706452794859E-02,2.29709466305212,0.596190758312702,2.13404292382802,2.35470636073993,2.02772661121708,1.73552609413184,0.969095446180432,0.351437546205489,2.58386387139547,0.434544221886114,1.86630397624185,1.27832470698255,2.45500633491056,0.794127536814955,0.823849782521762,0.413133623145768,0.885832761477019,0.623398839050111,1.25313363751047E-02,0.499053561673009,1.015742750771242.49450292403381,2.86296953496787E-02,1.58463616621668,0.588835096814819,0.291606763645092,1.90377087434683,0.46818062074172,1.14800505535061,0.994684789346593,3.31129864336856,0.24128901892837,0,2.25470339683821,1.68780492262718,0.694984529842714,1.77871885282198,4.47530322102523E-02,0.736511911767593,5.30020080113047E-02,0.543032258680455,2.7346796058861,1.66948380068666,1.54536447851675,1.34718959234306,0.928242442775172,2.08767696947658,1.74103729992169,3.079446837446,1.49499426711137,1.4978246771484,0.186930416704996,0.219577853869311,0.396101632948557,1.69055192181133E-02,3.20394269323211,2.77950726609345,1.4994616299704,1.94691088124057,0.138244025702534,1.90793399271809,1.5644952907993,1.11926971934963,1.10604664002642,0.428573985722238,0.688024825912748,9.00546603972145E-02,0.327029112106629,2.06384887201841,2.35009863541441,0.737788246007426,1.93679146578688,0.167416369664721,4.45399726910409E-02,1.22925248293214,0.690354994280511,2.98460756337559,0.673707187757486,5.80339781836869E-03,0.225272025452455,1.1740288390794,2.5249695816151,2.38392434724722,0.340506281343238,2.68241459677165,0.844730831661906,1.6806612265633,0.303433990199125,2.22396681963338,0.170710986205904,2.58822122017921,1.86131381858414,0.98977627763648,2.50500744133615,2.02367834425843E-02,0.209495226923991,2.60520557189957,0.301608273856345,0.944070767148474,0.460300713467063,1.44429347089718,0.275028139752635,1.83396004235138,2.29614162946893,1.18061701301795,1.44756135558592,0.397847564474887,0.571875669565003,2.68441350260073,0.223200632193425,2.3022446612587,1.81192548261834,2.53104434694126,0.163742660226944,0.259768002014994,1.00295481948697,0.714418396217297,0.812937970551161,0.323180280583443,0.43516743225851,0.279831046557320.535734094277018,2.21995428489447,0.375266182693082,0.540076338024306,2.01651878916027,0.211202859980773,0.884536753752968,0.238096491480206,0.894893103147666,0.485286215410184,2.64939575596657,2.25470339683821,0,1.26452163547731,0.898072365560807,0.242906849520296,1.98481803070501,1.41866372243808,1.94541657996751,2.79927822571031,0.14679275961555,0.82423294257751,9.25156189583731E-02,0.609927086159274,1.19818733459297,0.144744784251088,8.77697943173246E-02,0.280790317338528,0.277676131316639,0.26630918801348,1.87668561949431,1.65260853525945,0.801864239367802,2.65405128014982,0.120649056952971,1.25806005338782,0.082315223814021,0.156609308272124,1.98785001008528,0.964743165130955,0.933096847747635,1.78412891961935,1.52099443787066,2.80740742352339,0.484640116239603,2.37471122217323,2.50956930266912,9.93759853371614E-02,1.52930236436077E-02,0.933353753577109,2.02802296457608,1.63575111117689,2.53246456654679,0.289294519655982,1.0594292640277,0.987601568835089,1.0137184279005,2.11610003570297,1.11012266544108,0.312720010560611,6.54613538939941E-02,7.20884584904127E-02,0.845742770349375,0.066528064874916,0.651164034943577,0.91370296924552,1.22066184356811,0.116066799348573,1.49495652911074,0.985901950292288,0.556649239903436,0.315431639760959,0.141806636353436,1.98529378788817,2.89444682234162,0.38793003744513,1.00945938702117,1.66204483777437,2.32631494430544,0.434033404946263,0.95688067730535,2.90174912230441E-02,0.117169177729153,0.57063706570591,9.66099405254681E-02,0.952996376063226,1.20381877022976,0.265700723130522,1.07925142777017,0.734950864767256,1.05496460481973,0.233729629790929,2.0469869557609,1.24809523115019,1.92096405788163,0.475702682110892,0.851561256040583,2.49385958886307,0.851179060612253,1.892483057006670.309607274239625,1.99602097886418,0.262729943378787,0.865756740417424,0.700390630668721,2.0405153095941,0.486581591633239,1.32272824924158,0.119408849753569,0.715545525895465,1.09704693345566,1.68780492262718,1.26452163547731,0,0.26159188931743,2.02952414115919,1.89297646500427,0.205637473877829,1.15514159095039,0.839313768521066,0.853686240365278,4.78441604788031E-02,1.30665558196051,0.132935830945058,0.112696311960377,0.591033287806226,1.52055261736919,0.825262413740802,0.368956188060679,1.8476648423588,2.27481044399303,0.700590547423872,0.739138728106951,1.98139574817981,1.32297749298198,0.15620098938021,1.13390001245591,0.544198328651788,2.2401739836927,3.41961540845261E-02,2.55999887362179E-02,0.132117204151569,8.59974483834378E-02,0.955544241553525,0.66204731274766,1.22891710570548,0.892353305950024,0.679039518047063,1.08417294828507,2.18031645601482,8.98347620638162E-02,0.794129613199971,2.24165153963909,0.429431772927728,0.230112972227289,0.276654688351869,2.20122034393594,1.7194979056535,0.851698918549943,0.421493084082613,0.947196388248273,0.853751707876114,0.925416746869814,1.90889006645321,1.88052819298775,2.93014821046711E-02,1.80950627883294,0.683877368235358,0.789444342828489,0.154716293302641,0.158541416840876,1.30891054356471,2.15867099877178,1.73362002540819,1.33140018729947,0.460584536037118,0.710769486807664,0.158534340861138,0.658830324700062,2.16093363511618,1.07976049243976,0.957502952779123,0.705891083942248,2.15029675622873,0.847146458295924,1.6026301063911,0.296303084286137,0.628311831997621,0.930468519990342,0.159184287862445,1.45430895130687E-02,0.602425511992948,2.35897146604285,1.7364401185047,0.201750386210279,0.622301599344297,0.205734085844512,0.888185625599817,0.56699914154342,2.5006370884320.579459066775286,0.855202335876044,0.221900234226837,0.21411646172055,0.257853070613834,1.20396418317762,3.46515918410262E-02,0.588435299032994,2.93989656856866E-02,1.05437001023586,0.53922314723755,0.694984529842714,0.898072365560807,0.26159188931743,0,1.16083445106497,0.772206662125114,0.066312713681782,0.39578644945837,0.534550930347564,0.876034472561429,0.211477837342869,0.692758333945136,0.111901254522763,0.050338671042482,0.523136564232487,0.866654463574037,0.999482524529554,0.230081299961199,0.977079533186043,0.996872274298681,0.177214200123359,0.125105473877284,0.910953040942019,1.26870189561433,0.71038327827921,0.58822610247276,0.453475051327246,0.980010434381256,0.307294498663964,0.18140401859057,0.215652950437288,0.147147360490294,0.55571075821095,0.13621627021223,0.512066604948274,0.443206906900741,0.552532908465423,0.841634679610621,0.990308479749388,0.509658893270625,0.204194071295348,1.03315032388912,0.172201310869838,7.46072945631227E-03,0.79913651730422,0.991542128209062,0.691549375787105,0.171674698397169,0.153052377178398,0.839517810760299,0.745380663858327,0.207210081465661,1.37949533473147,0.831388478549258,0.219732770966061,0.699687126319674,0.611944851649838,0.181171183541665,0.602575189149889,0.291234450894223,0.539664044681928,1.45719599956647,0.683365435753927,0.684833424116732,0.67055332356918,0.110766694102495,0.150626555090554,0.342039881882215,1.1432570178728,0.280209585452781,0.604391677857308,0.647762129493117,1.0694441580587,0.427795086333987,0.585744040954523,2.30203433549434E-02,0.763375860215234,0.206031616239329,0.468895092862482,0.278698216869088,0.693248829179197,1.05789287671541,0.652148074833917,0.23252069208425,0.123699080434108,4.62285404375962E-03,0.437362659337538,5.89479510726107E-02,1.145071372602621.35638538703518,1.60942069741179,0.88586664046457,0.450888189915446,2.06475316705701,2.84772083060147E-03,0.965037070811036,9.95956523680945E-02,1.32541703006964,1.39669300006463,2.5699063496528,1.77871885282198,0.242906849520296,2.02952414115919,1.16083445106497,0,1.40063913253528,1.77923502832087,1.696140747134,2.95799293718679,0.758795180595939,1.51206577933954,8.20651082091217E-02,1.12402179540018,1.64265594801819,0.653320637991783,0.04668655731885,1.03949044705735,0.698076470218894,1.21354200408916E-02,1.15534511642181,1.63539727150112,0.733152266532812,2.09449601060123,0.677460348606473,2.32733308744528,0.13368542501712,0.639353015273315,1.2779069522675,1.75662294055692,1.60701752559831,2.35083461076957,2.07486577213686,2.87458302799644,0.516350209152421,2.15237777105415,2.53739261726233,0.554556768839944,0.375015905310647,0.339867845450414,2.92290438530168,1.55603331135217,1.85021495902984,0.591833741264622,1.35292205606277,2.04250539195527,0.397568156066797,1.61222598617826,0.96554712458024,0.602457459663697,0.55349573110189,0.554864939158648,0.677817174169491,0.170411854500259,0.199803819916269,1.62380822965898,0.678578739951831,0.626079621505141,1.40282889683604,1.95961904544575,1.23030880736269,0.137317154302423,7.90389520379051E-02,1.4653849194242,2.72443065836197,1.16142390253526,0.944241703513313,2.14273056135426,2.48614009897429,3.72441181813201E-02,0.708388894942715,0.270160733530815,0.64213916822851,0.103046146891415,0.262444798545857,0.507971556741182,1.4423815244005,0.976394187024653,0.894605093892693,1.58012788158032,1.83276893979374,0.899812869407839,1.29824673501517,0.727337484177866,2.43107417888098,0.533636786103358,1.17526234453513,2.52050723472041,0.879917179625068,1.101941247556542.51185273726151,7.25281997301863E-03,1.57297395033734,0.481218469760876,0.486991925322059,1.51883259449588,0.497035764443353,0.900701793888999,1.1017416204119,3.24787413050845,0.476319665474875,4.47530322102523E-02,1.98481803070501,1.89297646500427,0.772206662125114,1.40063913253528,0,0.921464649951673,0.144550497003934,0.858755236064241,2.57634091689624,1.78359620858976,1.27787945463069,1.402065528789,1.09219070943269,1.97407999547397,1.43287068939608,2.95464806915879,1.44375832699154,1.15686492169212,4.91774044718341E-02,0.346828689478571,0.359844469662136,7.87013441046156E-02,2.95380218784487,2.9631717365568,1.26326793292139,1.84332375752243,2.73775007259758E-02,2.05293767041704,1.70213772969433,1.38977507022733,1.33664386890487,0.722137392216609,0.61067783124841,0.247140115936872,0.576759641241239,1.92450610279948,2.11900943503281,0.44870569127616,2.26825873350472,0.272866674087368,3.34355453022965E-02,1.16595299015898,0.803556399353056,3.09661918965105,0.39485811060004,1.87624633781525E-02,0.222661420063247,1.11610458894802,2.33143531909687,2.20849358169303,0.275631044644342,2.30345890792492,0.562662797003782,1.81506211293791,0.135710945622122,2.0882533784303,0.251014577224993,2.71997967527241,1.90608145524823,0.758030445004351,2.08977496600406,6.34423831127151E-03,0.444051930023448,2.56682105639595,0.30846386159979,1.18519894786971,0.722730800557571,1.07297996202396,0.20011841082524,1.6252909242121,2.15701634676648,0.834251192776719,1.26931775149262,0.221641090224836,0.697862761118813,2.59148459486789,0.1995280836924,2.38399484284173,1.97658368041053,2.43581146010811,4.09603159825167E-02,0.110938333862947,1.28419628775191,0.643390397813988,0.893496050429036,0.570775072672404,0.441893787787649,0.1019339640635340.775379031468589,0.971338343848089,0.42763311136116,0.491169418639856,0.14931541895649,1.83453139201413,0.147876590175571,1.04453101500042,7.18265362215789E-02,1.36471177956321,0.36693078866611,0.736511911767593,1.41866372243808,0.205637473877829,0.066312713681782,1.77923502832087,0.921464649951673,0,0.396524596369005,0.277979157736468,1.28375514034147,0.268127340970437,1.18706367636165,0.230523524376622,1.92853486355489E-02,0.862624576124887,1.41161767070446,1.37652627450998,0.479577716944192,1.54567661800911,1.25580702853327,0.152228210096297,0.310263211053098,0.92245640628326,1.79200903315692,0.71046916241869,1.04705969447551,0.777451819417934,1.20465755648775,0.332853254287897,0.205865382341131,5.57464926009743E-02,3.85074778438366E-02,0.319898466456749,0.384533853335256,0.429150540017105,0.261397092081552,0.920975244086208,1.32191427557487,1.45976023000878,0.299612925426118,0.202146522072695,1.12924075390458,0.426788016660254,0.029303259104978,0.892060694170738,1.44547801816373,0.77230695055087,0.305695122467682,0.399407308073165,1.28216614952044,1.1637613576446,0.420912928668855,2.03070957328464,1.30459965837886,0.251757184597068,1.01436837900783,0.980624603214807,0.211032809724657,0.662139970217709,0.437707381032311,0.971700845456468,2.14086151866877,0.797941414405528,0.504898547968423,0.935401381038361,0.239594279154062,2.14672497442336E-02,0.155595156986806,1.73871718003412,0.499741681168985,1.04438523763648,1.02229058272826,1.62565929072699,0.820934401709479,0.920433939575105,2.30475488005197E-02,1.09416022675887,0.36406841983046,0.582433664702108,0.277146259059464,1.02298757252777,1.29465486172421,0.943950901256926,5.33399315180816E-02,0.3661079473477,7.21160566532717E-02,0.258251814239344,0.196523691435374,1.450436320885731.92456282514343,0.142377520939249,1.16164499906054,0.447864798124698,0.101891717553372,1.80424698881339,0.2535972290367,1.02277788919301,0.616774231403411,2.69330325129036,0.115022906774016,5.30020080113047E-02,1.94541657996751,1.15514159095039,0.39578644945837,1.696140747134,0.144550497003934,0.396524596369005,0,0.307167560589193,2.25480892631879,1.16866006853024,1.35763116675264,0.926281823243613,0.546862228277092,1.65989895263056,1.56568665855153,2.53116763351466,1.11299517249608,1.42274255946327,0.347208153415068,5.73785893908507E-02,0.249348685091633,0.110920167207951,2.74533676292276,2.09981189474652,1.2838688991269,1.53207789636136,0.294578203626457,1.35899192396451,1.07166770299446,0.685327285482487,0.676000943390278,0.235326574940359,0.490825332814808,2.78423197247548E-02,0.150165119597347,1.66020560720941,1.9870205301072,0.828246622108196,1.34901847907932,3.39412207922578E-02,0.19323685976147,0.903055334411533,0.37846170864816,2.30775159510677,0.775605110647263,7.03753850208386E-02,0.116775925342978,0.854270344408747,2.10252104677934,1.96501804172786,0.239683758468004,2.43359250051131,0.867473645010705,1.17030961076003,0.376112489628781,1.79425105316477,0.041762828041243,1.95138811436587,1.3633659435236,0.88441205093261,2.33400185585893,9.09766950644553E-02,0.126586017609185,2.05471721836693,0.155615676604299,0.549693012448643,0.220893953696446,1.43584349533069,0.212249091923837,1.52897580540196,1.85906515589423,1.20750672559063,1.18038598299609,0.42353312100127,0.287028944172221,2.16094077433263,0.132718348893746,1.72418818551489,1.27083892591386,2.02882031371396,0.337996844213336,0.323293693150077,0.59674137229706,0.505008302914035,0.484724142418514,0.14675908769334,0.244140544437528,0.4710052591828171.97005624806766,0.819110234010537,1.38591966434069,1.09916820560431,8.26185801282975E-02,3.06674360128318,0.561274721324168,1.97780496012456,0.629991785442712,2.86839806000216,6.42389792966753E-02,0.543032258680455,2.79927822571031,0.839313768521066,0.534550930347564,2.95799293718679,0.858755236064241,0.277979157736468,0.307167560589193,0,2.73889059700005,1.06819923534172,2.30437427792859,1.01359756535442,0.438748748587955,2.09270669980711,2.6071638533017,2.89027971302826,1.45273375641037,2.6132891190133,1.30388708081787,0.202225279881674,0.747313400932967,0.598466667766303,3.4378172967096,1.71039577062265,2.14298027165469,1.9544536392732,1.19206176087175,1.15541910788897,0.928619517108018,0.312868628080309,0.389831383514775,8.64812883961008E-03,1.03378059299757,0.191042551775723,2.80083389185393E-02,2.16609127116908,2.71673159576645,2.04400752870652,0.725667364145579,0.24734126345075,0.876709495298655,1.31286445496076,0.432038012408981,2.06991534807335,1.97925575690033,0.635967347905222,0.575442713912707,1.25806461401899,2.70617502728385,2.53380462937639,0.834262255453638,3.56339942600755,2.01409039202659,1.01990393281312,1.32469538171168,2.27157951093287,0.311203124864392,1.70463704753502,1.40970532099701,1.82301911948289,3.60205673064377,0.717482563420532,0.111703361972673,2.23200057742807,0.564364427916757,0.270303654272681,2.19133328268981E-02,2.74329059951484,0.858370176602421,2.2587540937599,2.33757509252791,2.49143148246745,1.87721685530178,1.35195004197396,0.335745068358534,2.47362568350482,0.649774968269412,1.62896338077226,1.03264039238422,2.36341653681166,1.27473814013922,1.2251405621123,0.224242480982554,1.02496475518421,0.593172602568302,2.94088262654952E-02,0.616894039030655,1.536206831906950.172446096445583,2.8183790745461,0.229575119229054,0.833193414495241,2.08301884200102,0.707370040259917,1.00446038390737,0.626421867672804,0.748775668617697,9.83544171810138E-02,2.7823848121684,2.7346796058861,0.14679275961555,0.853686240365278,0.876034472561429,0.758795180595939,2.57634091689624,1.28375514034147,2.25480892631879,2.73889059700005,0,0.505170004391971,0.405404140337851,0.432078108231195,1.01734447367326,4.61225854329541E-02,0.439122464419739,2.21544077562612E-02,0.209256500827564,0.772977913820711,2.60043617420308,1.79285998313799,1.04945514754277,3.18152368451467,5.14598681153302E-02,0.6561071068883,0.340373776487127,7.05410096883554E-02,2.69201758641148,0.56316763127839,0.612656828187852,1.47482364722546,1.23806240961599,2.81736188176592,0.684404506997822,2.63692306617486,2.56515516019672,4.75362682160778E-02,6.76012352784028E-02,1.6406359808681,1.47482711780609,1.82702701472738,3.17360097775932,0.304055443599736,1.00097226244543,0.427276860037296,1.73136402830565,2.62874290971968,1.39267508884259,0.333516322798459,1.62568472514124E-02,1.82311437910414E-02,1.17163724164129,0.353986686103696,1.26152046916434,0.570841613412682,1.83957910631443,2.64189866926472E-02,1.70570286548846,0.470287240489739,0.278049735726768,0.722915438973359,0.555502384808193,2.52056386914467,3.08738074310568,8.07630788491451E-02,1.23540214867799,1.42267813281762,2.28910443718237,1.0484222590153,1.34043706847947,0.149509296263659,1.91829041035874E-02,1.22055016277818,0.253142053640318,1.511677800287,1.17586994006933,0.024442635678156,1.3976931734027,0.326586880861214,0.653858473332463,2.29403656209399E-02,2.78210007230101,1.84446489078724,1.64418546233946,0.655328681276075,0.787817336912127,2.55117938457488,1.01518498698715,2.679905293033160.14017296768327,1.91548358069724,8.92638678352853E-02,0.639507018605769,0.803608189397437,1.51210900720562,0.39873400673298,0.943289876331761,8.74421852498983E-02,0.446475982893304,1.25687582863577,1.66948380068666,0.82423294257751,4.78441604788031E-02,0.211477837342869,1.51206577933954,1.78359620858976,0.268127340970437,1.16866006853024,1.06819923534172,0.505170004391971,0,0.89255746188212,3.42924883413218E-02,0.143689129275941,0.302632221173553,1.06334857228867,0.501030253317936,0.159155739317157,1.37317301221393,2.07310962653173,0.732923987828713,0.591583024484549,1.99006718721876,0.875897326186532,0.151557568449249,0.74941236697714,0.26949611476644,2.06778185766271,1.15973727351104E-02,5.61936693580378E-03,0.272124762288428,0.182123164293813,1.16788654314826,0.458779227409792,1.31395456533176,1.05883877036413,0.366510125007068,0.676873865188099,1.79585893960521,0.268277800286484,0.807634809384126,2.17936181586984,0.216929725381874,0.217785086903518,0.192419954670186,1.8304206677698,1.66785409335591,0.74917340726202,0.216248097687298,0.570419769953702,0.497908006965787,0.754735032922895,1.35830386982016,1.49082132201329,2.30655382793543E-03,1.55734550864111,0.370365335277256,0.775699527717649,0.100307057786637,3.36944659488836E-02,0.950713511905292,1.5825589761802,1.65313667521195,1.49908331519774,0.232575519296461,0.611580438044626,0.273335872198004,0.827425196872269,1.66537779513203,0.905212473766738,0.586513832122932,0.387139657466065,1.68947770789748,0.517498310730389,1.33189356177073,0.303505636272007,0.344521689929479,0.807869693724712,0.060209278950083,1.54460717207314E-02,0.320167528208827,2.17671740070901,1.50364075508369,0.359128000348051,0.42373974497437,0.153740099390376,1.05236799502893,0.458956864328343,2.260011715258680.786947207986032,1.47297030437949,0.42877669215423,0.246955112744587,1.55009281533387,8.14684837665993E-02,0.591164194617249,3.50046564762181E-02,0.783838075857062,0.874648418708745,2.05512512830546,1.54536447851675,9.25156189583731E-02,1.30665558196051,0.692758333945136,8.20651082091217E-02,1.27787945463069,1.18706367636165,1.35763116675264,2.30437427792859,0.405404140337851,0.89255746188212,0,0.606120570951276,1.04603387027501,0.288466019948487,9.72937763404502E-03,0.615124492264385,0.301669959155902,6.39522520554294E-02,1.15438106565364,1.20021873689848,0.459347582400511,1.86906432735088,0.421982961962954,1.53915729035603,6.28065306284498E-03,0.272682910699501,1.24959251160763,1.08038727229555,0.970218560315885,1.62437676557684,1.38786870101981,2.26635940101414,0.251560748410071,1.74743395971745,1.97953675060799,0.22771056135494,0.157235882912232,0.439428102312974,2.05032269937388,1.1578499660651,1.72447795519489,0.239065564843713,0.84393964208175,1.32276606867492,0.494230526626467,1.4152235436909,0.682588859